
def erlendwantstobreak():
  return ([
  [ 0.87758259,  0.00000000,  0.47942549,  0.13708995],
  [ 0.00000000,  1.00000000,  0.00000000,  0.00000000],
  [-0.47942549,  0.00000000,  0.87758259,  0.10544148],
  [ 0.00000000,  0.00000000,  0.00000000,  1.00000000],
  ])

def pillar():
  return ([
  [ 0.87758259,  0.00000000,  0.47942549,  0.13708995],
  [ 0.00000000,  1.00000000,  0.00000000,  0.00000000],
  [-0.47942549,  0.00000000,  0.87758259,  0.10544148],
  [ 0.00000000,  0.00000000,  0.00000000,  1.00000000],
  ])

def turn():
  return ([
  [-0.29833232, -0.74536255, -0.59618160, -0.11421467],
  [ 0.60323129, -0.63130212,  0.48741117,  0.20711537],
  [-0.73966874, -0.21422489,  0.63796383,  0.26392989],
  [ 0.00000000,  0.00000000,  0.00000000,  1.00000000],
  ])


def camera_matrix():
  return ([
  [-0.29833232, -0.38938277, -0.59618160, -0.11421467],
  [ 0.60323129,  0.63130212,  0.48741117,  0.20711537],
  [-0.78566874, -0.21422489,  0.63796383,  0.26392989],
  [ 0.00000000,  0.00000000,  0.00000000,  1.00000000],
  ])

def heil():
  return ([
  [ 0.39645204,  0.89663158, -0.19717402,  0.22555498],
  [-0.85170969,  0.43938173,  0.28554212, -0.48456645],
  [ 0.34266074,  0.05473126,  0.93786359,  0.58386994],
  [ 0.00000000,  0.00000000,  0.00000000,  1.00000000],
  ])
