
a=([
  [ 0.91794465, -0.39668868,  0.00396464,  0.42387642],
  [ 0.39135777,  0.90715425,  0.15462941,  0.18562214],
  [-0.06493627, -0.14038965,  0.98796459,  0.43952206],
  [ 0.00000000,  0.00000000,  0.00000000,  1.00000000],
  ])

b=([
  [ 0.84444680, -0.40659713, -0.34869524,  0.35607183],
  [ 0.43289229,  0.90144137, -0.00277884,  0.19576745],
  [ 0.31545819, -0.14860090,  0.93723204,  0.65870053],
  [ 0.00000000,  0.00000000,  0.00000000,  1.00000000],
  ])

c=([
  [ 0.61660157, -0.77498791, -0.13855046,  0.30237853],
  [ 0.78716718,  0.60397706,  0.12481805,  0.40929037],
  [-0.01305118, -0.18602539,  0.98245825,  0.49509013],
  [ 0.00000000,  0.00000000,  0.00000000,  1.00000000],
  ])

ma=([
  [ 0.80483391,  0.58625616,  0.09244511,  0.40099741],
  [-0.57522096,  0.73216532,  0.36476677, -0.28449339],
  [ 0.14616166, -0.34675303,  0.92649830,  0.50618916],
  [ 0.00000000,  0.00000000,  0.00000000,  1.00000000],
  ])

havar = ([
  [-0.06650248, -0.19576328, -0.97839366,  0.25735900],
  [-0.99622182,  0.06791574,  0.05412527, -0.01315553],
  [ 0.05585259,  0.97829658, -0.19954022, -0.04053006],
  [ 0.00000000,  0.00000000,  0.00000000,  1.00000000],
  ])