
elon=([
  [ 0.72748330,  0.52026389, -0.44731816,  0.37121739],
  [-0.53665142,  0.83767586,  0.10151065, -0.27307886],
  [ 0.42751995,  0.16620663,  0.88859555,  0.62366676],
  [ 0.00000000,  0.00000000,  0.00000000,  1.00000000],
  ])

prelon=([
  [ 0.11378034,  0.09135167,  0.98929718,  0.08480965],
  [ 0.53308667,  0.83466667, -0.13838407,  0.10049631],
  [-0.83837500,  0.54312652,  0.04627030,  0.26220557],
  [ 0.00000000,  0.00000000,  0.00000000,  1.00000000],
  ])

home=([
  [ 0.99726781, -0.04767304,  0.05642861,  0.53808963],
  [ 0.05522038,  0.98849770, -0.14079417,  0.02976160],
  [-0.04906746,  0.14352551,  0.98842947,  0.40906456],
  [ 0.00000000,  0.00000000,  0.00000000,  1.00000000],
  ])

prep=([
  [ 0.18034216,  0.01789755,  0.98344109,  0.13029865],
  [ 0.62858832,  0.76692706, -0.12922695,  0.16796232],
  [-0.75654043,  0.64148465,  0.12705909,  0.23842636],
  [ 0.00000000,  0.00000000,  0.00000000,  1.00000000],
  ])

hitler=([
  [ 0.72356983,  0.48934380, -0.48681552,  0.38854854],
  [-0.47316998,  0.86512656,  0.16633159, -0.24205342],
  [ 0.50255037,  0.10999397,  0.85752227,  0.65176274],
  [ 0.00000000,  0.00000000,  0.00000000,  1.00000000],
  ])

monitor=([
  [-0.67945573,  0.67115830, -0.29645649, -0.41905809],
  [-0.69115654, -0.44986134,  0.56562126, -0.39989711],
  [ 0.24625709,  0.58921245,  0.76953631,  0.58539336],
  [ 0.00000000,  0.00000000,  0.00000000,  1.00000000],
  ])

prelprelon=([
  [ 1.00000000,  0.00000000,  0.00000000,  0.53649400],
  [ 0.00000000,  1.00000000,  0.00000000,  0.00000000],
  [ 0.00000000,  0.00000000,  1.00000000,  0.42705000],
  [ 0.00000000,  0.00000000,  0.00000000,  1.00000000],
  ])

prep=([
  [ 0.18034216,  0.01789755,  0.98344109,  0.13029865],
  [ 0.62858832,  0.76692706, -0.12922695,  0.16796232],
  [-0.75654043,  0.64148465,  0.12705909,  0.23842636],
  [ 0.00000000,  0.00000000,  0.00000000,  1.00000000],
  ])

prep=([
  [ 0.99727196, -0.04764244,  0.05638122,  0.53808907],
  [ 0.05518385,  0.98849795, -0.14080680,  0.02975573],
  [-0.04902434,  0.14353400,  0.98843037,  0.40907163],
  [ 0.00000000,  0.00000000,  0.00000000,  1.00000000],
  ])
