
def jern():
  return ([
  [ 0.83786661, -0.25505676, -0.48262365,  0.16345919],
  [ 0.45274794, -0.16922529,  0.87543252,  0.19335671],
  [-0.30495711, -0.95200255, -0.02631180,  0.06463427],
  [ 0.00000000,  0.00000000,  0.00000000,  1.00000000],
  ])

def jernn():
  return ([
  [ 0.82369218, -0.37317218, -0.42693526,  0.20166058],
  [ 0.40507138, -0.13963331,  0.90355947,  0.20435281],
  [-0.39679764, -0.91719412,  0.03614650,  0.06133868],
  [ 0.00000000,  0.00000000,  0.00000000,  1.00000000],
  ])

def jernen():
  return ([
  [ 0.78965838, -0.42218017, -0.44520056,  0.24709121],
  [ 0.36659168, -0.25719602,  0.89412569,  0.22448832],
  [-0.49198595, -0.86926067, -0.04832925,  0.19720017],
  [ 0.00000000,  0.00000000,  0.00000000,  1.00000000],
  ])

def jernenen():
  return ([
  [ 0.76245590, -0.27181439, -0.58717795,  0.28731051],
  [ 0.51793130, -0.28754243,  0.80564665,  0.24592515],
  [-0.38782493, -0.91838787, -0.07845724,  0.25889624],
  [ 0.00000000,  0.00000000,  0.00000000,  1.00000000],
  ])

def jerntop():
  return ([
  [ 0.81737891, -0.04252652, -0.57452869,  0.44843540],
  [ 0.55207502, -0.22717533,  0.80224968,  0.37388931],
  [-0.16463562, -0.97292490, -0.16221049,  0.34403103],
  [ 0.00000000,  0.00000000,  0.00000000,  1.00000000],
  ])

def pgrab():
  return ([
  [ 0.22483382, -0.01425450,  0.97429285,  0.37728781],
  [-0.02199344,  0.99956401,  0.01969957, -0.32423733],
  [-0.97414888, -0.02585718,  0.22442229,  0.17479792],
  [ 0.00000000,  0.00000000,  0.00000000,  1.00000000],
  ])

def grab():
  return ([
  [-0.12140524, -0.02387478,  0.99231586,  0.41746971],
  [ 0.07035039,  0.99698969,  0.03259427, -0.32580002],
  [-0.99010686,  0.07376692, -0.11936018,  0.15512952],
  [ 0.00000000,  0.00000000,  0.00000000,  1.00000000],
  ])

def postgrab():
  return ([
  [ 0.24892919,  0.01186441,  0.96844901,  0.26281233],
  [-0.17801143,  0.98345092,  0.03370769, -0.24042113],
  [-0.95202216, -0.18078583,  0.24692164,  0.41746827],
  [ 0.00000000,  0.00000000,  0.00000000,  1.00000000],
  ])

def spray():
  return ([
  [-0.06217735, -0.70514887,  0.70632786,  0.16491735],
  [ 0.06733553,  0.70312099,  0.70787484,  0.22761894],
  [-0.99579109,  0.09157474,  0.00376338,  0.21213039],
  [ 0.00000000,  0.00000000,  0.00000000,  1.00000000],
  ])

def sprayy():
  return ([
  [-0.05868917, -0.65460571,  0.75368889,  0.27687716],
  [ 0.06549166,  0.75083900,  0.65723027,  0.10795534],
  [-0.99612571,  0.08793264, -0.00119490,  0.21438888],
  [ 0.00000000,  0.00000000,  0.00000000,  1.00000000],
  ])

def skje():
  return ([
  [-0.08841526,  0.97554462, -0.20123480,  0.27103233],
  [-0.98751628, -0.11228749, -0.11046774, -0.05392352],
  [-0.13036236,  0.18895560,  0.97329411,  0.19475686],
  [ 0.00000000,  0.00000000,  0.00000000,  1.00000000],
  ])

def bolle():
  return ([
  [ 0.07648812,  0.98935900, -0.12376726,  0.37651173],
  [-0.98801026,  0.09190290,  0.12405473, -0.06774762],
  [ 0.13410924,  0.11279461,  0.98452633,  0.26743353],
  [ 0.00000000,  0.00000000,  0.00000000,  1.00000000],
  ])

def etterbolle():
  return ([
  [ 0.20832213,  0.93828295, -0.27609237,  0.28801640],
  [-0.91367659,  0.28742002,  0.28737574, -0.07093474],
  [ 0.34899423,  0.19239241,  0.91716312,  0.51734401],
  [ 0.00000000,  0.00000000,  0.00000000,  1.00000000],
  ])

def jernfrabolle():
  return ([
  [ 0.81058181,  0.50234024, -0.30101729,  0.44376562],
  [-0.53526944,  0.84404308, -0.03283158,  0.20562533],
  [ 0.23757894,  0.18773803,  0.95305335,  0.37176158],
  [ 0.00000000,  0.00000000,  0.00000000,  1.00000000],
  ])

def slipskje():
  return ([
  [ 0.96263450,  0.22968410,  0.14345741,  0.32904836],
  [-0.19995902,  0.96011625, -0.19543073,  0.00541131],
  [-0.18262313,  0.15944276,  0.97016844,  0.23981415],
  [ 0.00000000,  0.00000000,  0.00000000,  1.00000000],
  ])

def lok():
  return ([
  [ 0.81318665, -0.57620749, -0.08192924,  0.46001538],
  [ 0.58051967,  0.81308116,  0.04354234,  0.37372535],
  [ 0.04152570, -0.08296959,  0.99568653,  0.54245292],
  [ 0.00000000,  0.00000000,  0.00000000,  1.00000000],
  ])

def lokk():
  return ([
  [ 0.74250482, -0.59353223,  0.31049328,  0.51745972],
  [ 0.52190167,  0.80317644,  0.28727383,  0.42745181],
  [-0.41988717, -0.05125524,  0.90612784,  0.37289278],
  [ 0.00000000,  0.00000000,  0.00000000,  1.00000000],
  ])

def lokkk():
  return ([
  [ 0.35882333, -0.70764894,  0.60866969,  0.42675951],
  [ 0.11418559,  0.68047684,  0.72381829,  0.35870268],
  [-0.92639488, -0.19022158,  0.32497427,  0.30675932],
  [ 0.00000000,  0.00000000,  0.00000000,  1.00000000],
  ])

def lokkkk():
  return ([
  [-0.11756130, -0.74691770,  0.65444120,  0.35092565],
  [-0.16585232,  0.66452266,  0.72863066,  0.30549599],
  [-0.97911815, -0.02288182, -0.20200018,  0.24696614],
  [ 0.00000000,  0.00000000,  0.00000000,  1.00000000],
  ])

def home():
  return ([
  [ 0.99836619, -0.00162568,  0.05711658,  0.53281406],
  [ 0.00694233,  0.99564100, -0.09300971,  0.00396016],
  [-0.05671641,  0.09325427,  0.99402560,  0.40797410],
  [ 0.00000000,  0.00000000,  0.00000000,  1.00000000],
  ])

prejern=([
  [ 0.64036263, -0.17634398, -0.74755502,  0.16121154],
  [ 0.72403177, -0.18624525,  0.66414659,  0.18313225],
  [-0.25634682, -0.96654824,  0.00841415,  0.07403364],
  [ 0.00000000,  0.00000000,  0.00000000,  1.00000000],
  ])

def heil():
  return ([
  [ 0.39645204,  0.89663158, -0.19717402,  0.22555498],
  [-0.85170969,  0.43938173,  0.28554212, -0.48456645],
  [ 0.34266074,  0.05473126,  0.93786359,  0.58386994],
  [ 0.00000000,  0.00000000,  0.00000000,  1.00000000],
  ])
