
def erlendwantstobreak():
  return ([
  [ 0.87758259,  0.00000000,  0.47942549,  0.13708995],
  [ 0.00000000,  1.00000000,  0.00000000,  0.00000000],
  [-0.47942549,  0.00000000,  0.87758259,  0.10544148],
  [ 0.00000000,  0.00000000,  0.00000000,  1.00000000],
  ])

def pillar():
  return ([
  [ 0.87758259,  0.00000000,  0.47942549,  0.13708995],
  [ 0.00000000,  1.00000000,  0.00000000,  0.00000000],
  [-0.47942549,  0.00000000,  0.87758259,  0.10544148],
  [ 0.00000000,  0.00000000,  0.00000000,  1.00000000],
  ])

def turn():
  return ([
  [-0.29833232, -0.74536255, -0.59618160, -0.11421467],
  [ 0.60323129, -0.63130212,  0.48741117,  0.20711537],
  [-0.73966874, -0.21422489,  0.63796383,  0.26392989],
  [ 0.00000000,  0.00000000,  0.00000000,  1.00000000],
  ])

def crash():
  return ([
  [-0.70489706, -0.00671471, -0.70927783, -0.13540603],
  [ 0.00543732, -0.99997696,  0.00406301,  0.00042107],
  [-0.70928878, -0.00099257,  0.70491733,  0.14202883],
  [ 0.00000000,  0.00000000,  0.00000000,  1.00000000],
  ])
