{
    "cup": [
        [
            0.08404114,
            0.9963596,
            -0.01430509,
            0.32770687
        ],
        [
            -0.99638347,
            0.08384527,
            -0.0137824,
            -0.05782978
        ],
        [
            -0.01253282,
            0.01541164,
            0.99980269,
            -0.00945773
        ],
        [
            0.0,
            0.0,
            0.0,
            1.0
        ]
    ],
    "filling_station": [
        [
            0.99970782,
            -0.01975999,
            -0.01392205,
            0.46629159
        ],
        [
            0.02058139,
            0.99789107,
            0.06156157,
            0.11629657
        ],
        [
            0.01267623,
            -0.06183012,
            0.99800619,
            0.00684803
        ],
        [
            0.0,
            0.0,
            0.0,
            1.0
        ]
    ],
    "front_of_filling_station": [
        [
            0.99775887,
            0.05343562,
            -0.04027238,
            0.27984891
        ],
        [
            -0.05410737,
            0.99841046,
            -0.01577824,
            0.09404491
        ],
        [
            0.03936524,
            0.01792191,
            0.99906415,
            0.10583399
        ],
        [
            0.0,
            0.0,
            0.0,
            1.0
        ]
    ],
    "front_of_tool_station": [
        [
            0.14906371,
            0.98882487,
            0.0023215,
            0.31877121
        ],
        [
            -0.98759882,
            0.14899507,
            -0.04948776,
            0.07127928
        ],
        [
            -0.04928062,
            0.00508412,
            0.99877203,
            0.03193975
        ],
        [
            0.0,
            0.0,
            0.0,
            1.0
        ]
    ],
    "front_of_waffle_iron": [
        [
            0.66674684,
            -0.74417242,
            0.04069476,
            0.20233169
        ],
        [
            0.72680821,
            0.66133051,
            0.18545019,
            0.37018601
        ],
        [
            -0.1649196,
            -0.09407104,
            0.98181066,
            0.05281997
        ],
        [
            0.0,
            0.0,
            0.0,
            1.0
        ]
    ],
    "home": [
        [
            0.99851783,
            0.03569139,
            0.04108858,
            0.52311234
        ],
        [
            -0.0334713,
            0.99800632,
            -0.05350757,
            -0.01708618
        ],
        [
            -0.04291643,
            0.05205297,
            0.99772174,
            0.42035591
        ],
        [
            0.0,
            0.0,
            0.0,
            1.0
        ]
    ],
    "lube_grab": [
        [
            0.0085925,
            0.99928351,
            -0.03685954,
            0.32654592
        ],
        [
            -0.99866577,
            0.00669849,
            -0.05120357,
            -0.05018483
        ],
        [
            -0.05091998,
            0.03725033,
            0.9980078,
            -0.00902226
        ],
        [
            0.0,
            0.0,
            0.0,
            1.0
        ]
    ],
    "lube_prep": [
        [
            0.65409231,
            -0.75586538,
            -0.02882325,
            0.15030676
        ],
        [
            0.75626276,
            0.65272215,
            0.04494929,
            0.3076066
        ],
        [
            -0.01516204,
            -0.05119893,
            0.99857337,
            0.20220297
        ],
        [
            0.0,
            0.0,
            0.0,
            1.0
        ]
    ],
    "pour_a": [
        [
            0.74948064,
            -0.66198066,
            -0.00776999,
            0.39792231
        ],
        [
            0.66006662,
            0.74811304,
            -0.06810975,
            0.50604975
        ],
        [
            0.05090017,
            0.04591822,
            0.99764758,
            0.15609332
        ],
        [
            0.0,
            0.0,
            0.0,
            1.0
        ]
    ],
    "pour_b": [
        [
            0.62592471,
            -0.32292211,
            -0.70988701,
            0.38641753
        ],
        [
            0.77933622,
            0.22489684,
            0.58485594,
            0.44487439
        ],
        [
            -0.02921157,
            -0.91931644,
            0.39243339,
            0.14619996
        ],
        [
            0.0,
            0.0,
            0.0,
            1.0
        ]
    ],
    "pour_c": [
        [
            0.74090659,
            0.30991334,
            -0.59582811,
            0.40635659
        ],
        [
            0.66842966,
            -0.42648224,
            0.60935596,
            0.32241959
        ],
        [
            -0.06526257,
            -0.84974503,
            -0.52313878,
            0.14779714
        ],
        [
            0.0,
            0.0,
            0.0,
            1.0
        ]
    ],
    "pour_d": [
        [
            0.74999148,
            -0.62875945,
            0.20536391,
            0.35234528
        ],
        [
            0.66140235,
            0.70925177,
            -0.24394438,
            0.28735732
        ],
        [
            0.00772762,
            0.31878438,
            0.94779576,
            0.17756455
        ],
        [
            0.0,
            0.0,
            0.0,
            1.0
        ]
    ],
    "sleep": [
        [
            0.93013906,
            -0.01488206,
            0.36690578,
            0.15249645
        ],
        [
            0.01839332,
            0.99981237,
            -0.00607534,
            0.00358839
        ],
        [
            -0.36674653,
            0.01239952,
            0.93023827,
            0.11150454
        ],
        [
            0.0,
            0.0,
            0.0,
            1.0
        ]
    ],
    "spray_a": [
        [
            0.58815973,
            -0.8085074,
            0.01959369,
            0.08527446
        ],
        [
            0.80374404,
            0.58704141,
            0.09683956,
            0.39182111
        ],
        [
            -0.0897978,
            -0.04120882,
            0.99510712,
            0.13869142
        ],
        [
            0.0,
            0.0,
            0.0,
            1.0
        ]
    ],
    "spray_b": [
        [
            0.72682076,
            -0.68122985,
            -0.08750702,
            0.13847043
        ],
        [
            0.68656443,
            0.72414556,
            0.06513437,
            0.21299069
        ],
        [
            0.01899634,
            -0.10742022,
            0.99403221,
            0.17599193
        ],
        [
            0.0,
            0.0,
            0.0,
            1.0
        ]
    ],
    "spray_c": [
        [
            0.66042235,
            -0.69107926,
            0.29368653,
            0.15046218
        ],
        [
            0.58976956,
            0.71947587,
            0.36677832,
            0.20767206
        ],
        [
            -0.46477326,
            -0.06902123,
            0.88273546,
            0.09367875
        ],
        [
            0.0,
            0.0,
            0.0,
            1.0
        ]
    ],
    "spray_d": [
        [
            0.70246227,
            -0.66493432,
            0.25378949,
            0.07086791
        ],
        [
            0.62010889,
            0.74681471,
            0.24027642,
            0.31628841
        ],
        [
            -0.34930176,
            -0.011408,
            0.93694084,
            0.09478443
        ],
        [
            0.0,
            0.0,
            0.0,
            1.0
        ]
    ],
    "top_of_waffle_iron": [
        [
            0.59143595,
            -0.80635031,
            -0.00164202,
            0.41150425
        ],
        [
            0.80476666,
            0.5901443,
            0.06387748,
            0.56556438
        ],
        [
            -0.0505386,
            -0.03910088,
            0.9979564,
            0.39646183
        ],
        [
            0.0,
            0.0,
            0.0,
            1.0
        ]
    ],
    "waffle_iron_open_a": [
        [
            0.80504824,
            -0.59243233,
            0.03035249,
            0.30555723
        ],
        [
            0.58325884,
            0.79983987,
            0.14165208,
            0.38110351
        ],
        [
            -0.1081964,
            -0.0963334,
            0.98945107,
            -0.01742009
        ],
        [
            0.0,
            0.0,
            0.0,
            1.0
        ]
    ],
    "waffle_iron_open_b": [
        [
            0.73817876,
            -0.67119818,
            0.06771352,
            0.36453813
        ],
        [
            0.66236872,
            0.74015991,
            0.11589212,
            0.45928148
        ],
        [
            -0.12790541,
            -0.04069778,
            0.99095101,
            0.11862433
        ],
        [
            0.0,
            0.0,
            0.0,
            1.0
        ]
    ],
    "waffle_iron_open_c": [
        [
            0.5591096,
            -0.78771453,
            0.25865475,
            0.38478555
        ],
        [
            0.66136695,
            0.6118787,
            0.43381817,
            0.52290709
        ],
        [
            -0.49999021,
            -0.0714862,
            0.86307561,
            0.19118178
        ],
        [
            0.0,
            0.0,
            0.0,
            1.0
        ]
    ],
    "waffle_iron_open_d": [
        [
            0.58170264,
            -0.78399615,
            0.21673042,
            0.39478548
        ],
        [
            0.66878228,
            0.61264917,
            0.42117841,
            0.55658528
        ],
        [
            -0.46298197,
            -0.10005513,
            0.88070237,
            0.2492359
        ],
        [
            0.0,
            0.0,
            0.0,
            1.0
        ]
    ],
    "waffle_sticks": [
        [
            0.73203412,
            -0.67733917,
            0.07305958,
            0.33229009
        ],
        [
            0.67131304,
            0.73544343,
            0.09198784,
            0.44897825
        ],
        [
            -0.11603816,
            -0.01829239,
            0.9930763,
            0.00360498
        ],
        [
            0.0,
            0.0,
            0.0,
            1.0
        ]
    ],
    "lube_toolstation": [
        [
            0.05478435,
            0.99849754,
            0.00115658,
            0.33337181
        ],
        [
            -0.9984235,
            0.05479438,
            -0.01216927,
            -0.05408487
        ],
        [
            -0.01221436,
            -0.00048807,
            0.99992528,
            -0.00723284
        ],
        [
            0.0,
            0.0,
            0.0,
            1.0
        ]
    ],
    "pole_a": [
        [
            -0.98669547,
            -0.13882675,
            -0.08461191,
            0.00498181
        ],
        [
            0.14576019,
            -0.98590297,
            -0.08215415,
            0.41943422
        ],
        [
            -0.07201394,
            -0.09339418,
            0.99302141,
            0.30386664
        ],
        [
            0.0,
            0.0,
            0.0,
            1.0
        ]
    ],
    "pole_b": [
        [
            -0.96053054,
            -0.2780418,
            0.00859266,
            -0.02981966
        ],
        [
            0.27609506,
            -0.95666513,
            -0.09253837,
            0.36897361
        ],
        [
            0.03394984,
            -0.08651354,
            0.99567204,
            0.55952902
        ],
        [
            0.0,
            0.0,
            0.0,
            1.0
        ]
    ],
    "pole_c": [
        [
            -0.99469514,
            0.0832245,
            -0.06045868,
            -0.30462059
        ],
        [
            -0.08620814,
            -0.99509402,
            0.0485392,
            0.32593911
        ],
        [
            -0.05612242,
            0.05349373,
            0.99698982,
            0.52275865
        ],
        [
            0.0,
            0.0,
            0.0,
            1.0
        ]
    ],
    "pole_d": [
        [
            -0.99711504,
            0.04653132,
            -0.05997019,
            -0.21219152
        ],
        [
            -0.04499583,
            -0.99863015,
            -0.02670592,
            0.38605333
        ],
        [
            -0.0611307,
            -0.02393047,
            0.99784286,
            0.24912922
        ],
        [
            0.0,
            0.0,
            0.0,
            1.0
        ]
    ],
    "pole_e": [
        [
            -0.98581799,
            -0.1109193,
            -0.12593566,
            0.03108201
        ],
        [
            0.12103113,
            -0.98975929,
            -0.07568358,
            0.40029977
        ],
        [
            -0.11625122,
            -0.08985237,
            0.98914721,
            0.25230446
        ],
        [
            0.0,
            0.0,
            0.0,
            1.0
        ]
    ],
    "tool_camera": [
        [
            -0.67500581,
            -0.73103256,
            -0.09979253,
            0.21692157
        ],
        [
            0.72732744,
            -0.68201991,
            0.07644371,
            0.14263537
        ],
        [
            -0.12394333,
            -0.0209819,
            0.99206744,
            0.09170727
        ],
        [
            0.0,
            0.0,
            0.0,
            1.0
        ]
    ],
    "tool_station_sticks": [
        [
            -0.00409193,
            0.99999155,
            -0.00040643,
            0.33119725
        ],
        [
            -0.99968831,
            -0.0041007,
            -0.02462651,
            -0.05234989
        ],
        [
            -0.02462797,
            0.00030554,
            0.99969664,
            -0.00783247
        ],
        [
            0.0,
            0.0,
            0.0,
            1.0
        ]
    ]
}