
elon=([
  [ 0.72748330,  0.52026389, -0.44731816,  0.37121739],
  [-0.53665142,  0.83767586,  0.10151065, -0.27307886],
  [ 0.42751995,  0.16620663,  0.88859555,  0.62366676],
  [ 0.00000000,  0.00000000,  0.00000000,  1.00000000],
  ])

prelon=([
  [ 0.11378034,  0.09135167,  0.98929718,  0.08480965],
  [ 0.53308667,  0.83466667, -0.13838407,  0.10049631],
  [-0.83837500,  0.54312652,  0.04627030,  0.26220557],
  [ 0.00000000,  0.00000000,  0.00000000,  1.00000000],
  ])

home=([
  [ 0.99726781, -0.04767304,  0.05642861,  0.53808963],
  [ 0.05522038,  0.98849770, -0.14079417,  0.02976160],
  [-0.04906746,  0.14352551,  0.98842947,  0.40906456],
  [ 0.00000000,  0.00000000,  0.00000000,  1.00000000],
  ])


hitler=([
  [ 0.72356983,  0.48934380, -0.48681552,  0.38854854],
  [-0.47316998,  0.86512656,  0.16633159, -0.24205342],
  [ 0.50255037,  0.10999397,  0.85752227,  0.65176274],
  [ 0.00000000,  0.00000000,  0.00000000,  1.00000000],
  ])
a=([
  [-0.33910014,  0.86990975,  0.35814539,  0.07333501],
  [-0.04377615, -0.39488067,  0.91768889, -0.03257128],
  [ 0.93973121,  0.29551020,  0.17198539,  0.87442728],
  [ 0.00000000,  0.00000000,  0.00000000,  1.00000000],
  ])

b=([
  [-0.42645791,  0.01583681,  0.90436875, -0.00159182],
  [ 0.34150357, -0.92302506,  0.17720059, -0.00693640],
  [ 0.83756132,  0.38441375,  0.38822301,  0.55700856],
  [ 0.00000000,  0.00000000,  0.00000000,  1.00000000],
  ])

c=([
  [ 0.76406716,  0.63069659, -0.13573207,  0.43216098],
  [-0.52012083,  0.72668887,  0.44877344, -0.23866747],
  [ 0.38167486, -0.27229597,  0.88327753, -0.02570957],
  [ 0.00000000,  0.00000000,  0.00000000,  1.00000000],
  ])

d=([
  [-0.61355142, -0.16553800, -0.77210868, -0.16401320],
  [ 0.75876698, -0.39438561, -0.51839432,  0.38296871],
  [-0.21869459, -0.90391214,  0.36758062,  0.63265292],
  [ 0.00000000,  0.00000000,  0.00000000,  1.00000000],
  ])

e=([
  [ 0.22615641, -0.69617771,  0.68131481,  0.14464086],
  [ 0.48199452,  0.68778757,  0.54279788,  0.31186694],
  [-0.84648364,  0.20563279,  0.49110141,  0.21433484],
  [ 0.00000000,  0.00000000,  0.00000000,  1.00000000],
  ])

up=([
  [-0.66174089, -0.74888381,  0.03566571,  0.08010312],
  [ 0.74971270, -0.66132086,  0.02419879,  0.40813876],
  [ 0.00546439,  0.04275237,  0.99907076,  0.39438077],
  [ 0.00000000,  0.00000000,  0.00000000,  1.00000000],
  ])

upp=([
  [-0.61495283, -0.78810844,  0.02679730,  0.03889239],
  [ 0.78569188, -0.61525691, -0.06439888,  0.38979573],
  [ 0.06724053, -0.01854785,  0.99756438,  0.57282629],
  [ 0.00000000,  0.00000000,  0.00000000,  1.00000000],
  ])

prepare=([
  [-0.26826892, -0.96306410, -0.02322327,  0.38243041],
  [ 0.93701125, -0.26645793,  0.22585413,  0.25405633],
  [-0.22370003,  0.03882918,  0.97388428,  0.13650857],
  [ 0.00000000,  0.00000000,  0.00000000,  1.00000000],
  ])

grab=([
  [-0.66483756, -0.74698659, -0.00143685,  0.14112178],
  [ 0.74690276, -0.66473143, -0.01638271,  0.45043647],
  [ 0.01128255, -0.01196503,  0.99986476,  0.27632029],
  [ 0.00000000,  0.00000000,  0.00000000,  1.00000000],
  ])

prep=([
  [ 0.99709719, -0.07268830, -0.02266291,  0.42417638],
  [ 0.07399099,  0.99525225,  0.06323197,  0.03787690],
  [ 0.01795909, -0.06472527,  0.99774150,  0.26142087],
  [ 0.00000000,  0.00000000,  0.00000000,  1.00000000],
  ])

sa=([
  [ 0.36943347, -0.76606028, -0.52599482,  0.06282924],
  [ 0.76298972, -0.07304504,  0.64227028,  0.34195599],
  [-0.53043906, -0.63860478,  0.55751084,  0.35441457],
  [ 0.00000000,  0.00000000,  0.00000000,  1.00000000],
  ])

sb=([
  [ 0.13147086, -0.76832911, -0.62640705,  0.04259456],
  [ 0.82301258, -0.26764316,  0.50101640,  0.34827574],
  [-0.55259904, -0.58140994,  0.59715725,  0.41536567],
  [ 0.00000000,  0.00000000,  0.00000000,  1.00000000],
  ])

sc=([
  [ 0.07485169, -0.84305622, -0.53259125,  0.02810696],
  [ 0.81510800, -0.25594589,  0.51970246,  0.33381694],
  [-0.57445293, -0.47302000,  0.66802388,  0.31779016],
  [ 0.00000000,  0.00000000,  0.00000000,  1.00000000],
  ])

START=([
  [ 0.59550494, -0.78658389,  0.16327782,  0.18042953],
  [ 0.79641419,  0.60469307,  0.00841046,  0.26357393],
  [-0.10534850,  0.12502830,  0.98654428,  0.20884552],
  [ 0.00000000,  0.00000000,  0.00000000,  1.00000000],
  ])

SLUT=([
  [ 0.90637210,  0.41847634,  0.05802738,  0.32090892],
  [-0.41287782,  0.84825940,  0.33164423, -0.33091831],
  [ 0.08956299, -0.32455129,  0.94161825,  0.24646483],
  [ 0.00000000,  0.00000000,  0.00000000,  1.00000000],
  ])

preset1=([
  [ 0.90841483, -0.07487416, -0.41131053,  0.27039429],
  [ 0.01171473,  0.98800431, -0.15398135, -0.00652339],
  [ 0.41790580,  0.13506055,  0.89839490,  0.22964743],
  [ 0.00000000,  0.00000000,  0.00000000,  1.00000000],
  ])

presetb=([
  [ 0.99809109, -0.05069944,  0.03526671,  0.21474493],
  [ 0.05106662,  0.99864921, -0.00958928,  0.00592837],
  [-0.03473290,  0.01137193,  0.99933193,  0.71690635],
  [ 0.00000000,  0.00000000,  0.00000000,  1.00000000],
  ])

bakken=([
  [ 0.73525188,  0.67692507,  0.03430942,  0.39035758],
  [-0.67601472,  0.73604704, -0.03519731, -0.35477573],
  [-0.04907929,  0.00268522,  0.99879128, -0.01285068],
  [ 0.00000000,  0.00000000,  0.00000000,  1.00000000],
  ])

down=([
  [ 0.05609821,  0.01877972,  0.99824862,  0.36735574],
  [-0.03901441,  0.99910070, -0.01660327, -0.01183829],
  [-0.99766270, -0.03801467,  0.05678044,  0.28943364],
  [ 0.00000000,  0.00000000,  0.00000000,  1.00000000],
  ])

lower=([
  [ 0.02441506, -0.04005627,  0.99889909,  0.42566427],
  [ 0.00369751,  0.99919373,  0.03997771,  0.01746785],
  [-0.99969507,  0.00271738,  0.02454348,  0.08341101],
  [ 0.00000000,  0.00000000,  0.00000000,  1.00000000],
  ])

raised=([
  [-0.01506984, -0.02893553,  0.99946768,  0.31860017],
  [-0.00904104,  0.99954426,  0.02880143,  0.00875298],
  [-0.99984557, -0.00860219, -0.01532458,  0.35989972],
  [ 0.00000000,  0.00000000,  0.00000000,  1.00000000],
  ])
