front_of_waffle_iron=([
  [ 0.66674684, -0.74417242,  0.04069476,  0.20233169],
  [ 0.72680821,  0.66133051,  0.18545019,  0.37018601],
  [-0.16491960, -0.09407104,  0.98181066,  0.05281997],
  [ 0.00000000,  0.00000000,  0.00000000,  1.00000000],
  ])

filling_station=([
  [ 0.99970782, -0.01975999, -0.01392205,  0.46629159],
  [ 0.02058139,  0.99789107,  0.06156157,  0.11629657],
  [ 0.01267623, -0.06183012,  0.99800619,  0.00684803],
  [ 0.00000000,  0.00000000,  0.00000000,  1.00000000],
  ])

cup=([
  [ 0.08404114,  0.99635960, -0.01430509,  0.32770687],
  [-0.99638347,  0.08384527, -0.01378240, -0.05782978],
  [-0.01253282,  0.01541164,  0.99980269, -0.00945773],
  [ 0.00000000,  0.00000000,  0.00000000,  1.00000000],
  ])

front_of_filling_station=([
  [ 0.99775887,  0.05343562, -0.04027238,  0.27984891],
  [-0.05410737,  0.99841046, -0.01577824,  0.09404491],
  [ 0.03936524,  0.01792191,  0.99906415,  0.10583399],
  [ 0.00000000,  0.00000000,  0.00000000,  1.00000000],
  ])

pour_a=([
  [ 0.74948064, -0.66198066, -0.00776999,  0.39792231],
  [ 0.66006662,  0.74811304, -0.06810975,  0.50604975],
  [ 0.05090017,  0.04591822,  0.99764758,  0.15609332],
  [ 0.00000000,  0.00000000,  0.00000000,  1.00000000],
  ])

pour_b=([
  [ 0.62592471, -0.32292211, -0.70988701,  0.38641753],
  [ 0.77933622,  0.22489684,  0.58485594,  0.44487439],
  [-0.02921157, -0.91931644,  0.39243339,  0.14619996],
  [ 0.00000000,  0.00000000,  0.00000000,  1.00000000],
  ])

pour_c=([
  [ 0.74090659,  0.30991334, -0.59582811,  0.40635659],
  [ 0.66842966, -0.42648224,  0.60935596,  0.32241959],
  [-0.06526257, -0.84974503, -0.52313878,  0.14779714],
  [ 0.00000000,  0.00000000,  0.00000000,  1.00000000],
  ])

pour_d=([
  [ 0.74999148, -0.62875945,  0.20536391,  0.35234528],
  [ 0.66140235,  0.70925177, -0.24394438,  0.28735732],
  [ 0.00772762,  0.31878438,  0.94779576,  0.17756455],
  [ 0.00000000,  0.00000000,  0.00000000,  1.00000000],
  ])

lube_prep=([
  [ 0.14906371,  0.98882487,  0.00232150,  0.31877121],
  [-0.98759882,  0.14899507, -0.04948776,  0.07127928],
  [-0.04928062,  0.00508412,  0.99877203,  0.03193975],
  [ 0.00000000,  0.00000000,  0.00000000,  1.00000000],
  ])

lube_grab=([
  [ 0.00859250,  0.99928351, -0.03685954,  0.32654592],
  [-0.99866577,  0.00669849, -0.05120357, -0.05018483],
  [-0.05091998,  0.03725033,  0.99800780, -0.00902226],
  [ 0.00000000,  0.00000000,  0.00000000,  1.00000000],
  ])

spray_a=([
  [ 0.58815973, -0.80850740,  0.01959369,  0.08527446],
  [ 0.80374404,  0.58704141,  0.09683956,  0.39182111],
  [-0.08979780, -0.04120882,  0.99510712,  0.13869142],
  [ 0.00000000,  0.00000000,  0.00000000,  1.00000000],
  ])

spray_b=([
  [ 0.72682076, -0.68122985, -0.08750702,  0.13847043],
  [ 0.68656443,  0.72414556,  0.06513437,  0.21299069],
  [ 0.01899634, -0.10742022,  0.99403221,  0.17599193],
  [ 0.00000000,  0.00000000,  0.00000000,  1.00000000],
  ])

spray_c=([
  [ 0.66042235, -0.69107926,  0.29368653,  0.15046218],
  [ 0.58976956,  0.71947587,  0.36677832,  0.20767206],
  [-0.46477326, -0.06902123,  0.88273546,  0.09367875],
  [ 0.00000000,  0.00000000,  0.00000000,  1.00000000],
  ])

spray_d=([
  [ 0.70246227, -0.66493432,  0.25378949,  0.07086791],
  [ 0.62010889,  0.74681471,  0.24027642,  0.31628841],
  [-0.34930176, -0.01140800,  0.93694084,  0.09478443],
  [ 0.00000000,  0.00000000,  0.00000000,  1.00000000],
  ])

top_of_waffle_iron=([
  [ 0.59143595, -0.80635031, -0.00164202,  0.41150425],
  [ 0.80476666,  0.59014430,  0.06387748,  0.56556438],
  [-0.05053860, -0.03910088,  0.99795640,  0.39646183],
  [ 0.00000000,  0.00000000,  0.00000000,  1.00000000],
  ])

waffle_iron_open_a=([
  [ 0.80504824, -0.59243233,  0.03035249,  0.30555723],
  [ 0.58325884,  0.79983987,  0.14165208,  0.38110351],
  [-0.10819640, -0.09633340,  0.98945107, -0.01742009],
  [ 0.00000000,  0.00000000,  0.00000000,  1.00000000],
  ])

waffle_iron_open_b=([
  [ 0.73817876, -0.67119818,  0.06771352,  0.36453813],
  [ 0.66236872,  0.74015991,  0.11589212,  0.45928148],
  [-0.12790541, -0.04069778,  0.99095101,  0.11862433],
  [ 0.00000000,  0.00000000,  0.00000000,  1.00000000],
  ])

waffle_iron_open_c=([
  [ 0.55910960, -0.78771453,  0.25865475,  0.38478555],
  [ 0.66136695,  0.61187870,  0.43381817,  0.52290709],
  [-0.49999021, -0.07148620,  0.86307561,  0.19118178],
  [ 0.00000000,  0.00000000,  0.00000000,  1.00000000],
  ])

waffle_iron_open_d=([
  [ 0.58170264, -0.78399615,  0.21673042,  0.39478548],
  [ 0.66878228,  0.61264917,  0.42117841,  0.55658528],
  [-0.46298197, -0.10005513,  0.88070237,  0.24923590],
  [ 0.00000000,  0.00000000,  0.00000000,  1.00000000],
  ])

front_of_tool_station=([
  [ 0.14906371,  0.98882487,  0.00232150,  0.31877121],
  [-0.98759882,  0.14899507, -0.04948776,  0.07127928],
  [-0.04928062,  0.00508412,  0.99877203,  0.03193975],
  [ 0.00000000,  0.00000000,  0.00000000,  1.00000000],
  ])

waffle_sticks=([
  [ 0.73203412, -0.67733917,  0.07305958,  0.33229009],
  [ 0.67131304,  0.73544343,  0.09198784,  0.44897825],
  [-0.11603816, -0.01829239,  0.99307630,  0.00360498],
  [ 0.00000000,  0.00000000,  0.00000000,  1.00000000],
  ])
