pole_a=([
  [-0.98669547, -0.13882675, -0.08461191,  0.00498181],
  [ 0.14576019, -0.98590297, -0.08215415,  0.41943422],
  [-0.07201394, -0.09339418,  0.99302141,  0.30386664],
  [ 0.00000000,  0.00000000,  0.00000000,  1.00000000],
  ])

pole_b=([
  [-0.96053054, -0.27804180,  0.00859266, -0.02981966],
  [ 0.27609506, -0.95666513, -0.09253837,  0.36897361],
  [ 0.03394984, -0.08651354,  0.99567204,  0.55952902],
  [ 0.00000000,  0.00000000,  0.00000000,  1.00000000],
  ])

pole_c=([
  [-0.99469514,  0.08322450, -0.06045868, -0.30462059],
  [-0.08620814, -0.99509402,  0.04853920,  0.32593911],
  [-0.05612242,  0.05349373,  0.99698982,  0.52275865],
  [ 0.00000000,  0.00000000,  0.00000000,  1.00000000],
  ])

pole_d=([
  [-0.99711504,  0.04653132, -0.05997019, -0.21219152],
  [-0.04499583, -0.99863015, -0.02670592,  0.38605333],
  [-0.06113070, -0.02393047,  0.99784286,  0.24912922],
  [ 0.00000000,  0.00000000,  0.00000000,  1.00000000],
  ])

pole_e=([
  [-0.98581799, -0.11091930, -0.12593566,  0.03108201],
  [ 0.12103113, -0.98975929, -0.07568358,  0.40029977],
  [-0.11625122, -0.08985237,  0.98914721,  0.25230446],
  [ 0.00000000,  0.00000000,  0.00000000,  1.00000000],
  ])

tool_camera=([
  [-0.67500581, -0.73103256, -0.09979253,  0.21692157],
  [ 0.72732744, -0.68201991,  0.07644371,  0.14263537],
  [-0.12394333, -0.02098190,  0.99206744,  0.09170727],
  [ 0.00000000,  0.00000000,  0.00000000,  1.00000000],
  ])

tool_station_sticks=([
  [-0.00409193,  0.99999155, -0.00040643,  0.33119725],
  [-0.99968831, -0.00410070, -0.02462651, -0.05234989],
  [-0.02462797,  0.00030554,  0.99969664, -0.00783247],
  [ 0.00000000,  0.00000000,  0.00000000,  1.00000000],
  ])

lube_toolstation=([
  [ 0.05478435,  0.99849754,  0.00115658,  0.33337181],
  [-0.99842350,  0.05479438, -0.01216927, -0.05408487],
  [-0.01221436, -0.00048807,  0.99992528, -0.00723284],
  [ 0.00000000,  0.00000000,  0.00000000,  1.00000000],
  ])