{
    "bottom_of_waffle_iron": {
        "basepose": [
            [
                0.5345586373929864,
                -0.024747361982317657,
                0.8447689810021849,
                0.23388438209380444
            ],
            [
                0.04852636979570427,
                0.9988208542572022,
                -0.0014465598374355329,
                0.024900075427251332
            ],
            [
                -0.8437370767146625,
                0.041766843019659265,
                0.5351292144904508,
                0.06663865233865607
            ],
            [
                0.0,
                0.0,
                0.0,
                1.0
            ]
        ],
        "joints": [
            0.11658254265785217,
            -0.4494563937187195,
            1.211844801902771,
            -0.058291271328926086,
            0.24236896634101868,
            0.1564660519361496
        ],
        "tag": 100,
        "offset": 100
    },
    "top_of_waffle_iron": {
        "basepose": [
            [
                0.9914775166812125,
                -0.016423129879183627,
                0.1292385960950807,
                0.6565755928555612
            ],
            [
                0.012660462512765633,
                0.9994732489571846,
                0.02988205662153595,
                0.017744794109297617
            ],
            [
                -0.1296612764267682,
                -0.027991166891383618,
                0.9911631792855503,
                0.44330765191761556
            ],
            [
                0.0,
                0.0,
                0.0,
                1.0
            ]
        ],
        "joints": [
            0.03221359848976135,
            0.526155412197113,
            -0.9004467725753784,
            -0.03988350182771683,
            0.5046796798706055,
            0.00920388475060463
        ],
        "tag": 100,
        "offset": 100
    },
    "lube_toolstation": {
        "basepose": [
            [
                0.76411141482255,
                -0.6427737761519984,
                -0.05454922940960548,
                0.19202073555489033
            ],
            [
                0.6367378417098677,
                0.7650822725846614,
                -0.09598977607719085,
                0.4492940204173788
            ],
            [
                0.10343435924556378,
                0.03861332500563347,
                0.9938864846950425,
                0.051369893055466256
            ],
            [
                0.0,
                0.0,
                0.0,
                1.0
            ]
        ],
        "joints": [
            1.4035924673080444,
            0.7102331519126892,
            0.5184855461120605,
            0.7148350477218628,
            -1.4143303632736206,
            -0.1840776950120926
        ],
        "tag": 3,
        "offset": [
            [
                0.08449143096601197,
                0.030020302900566398,
                0.9959718768655436,
                0.04126442205398247
            ],
            [
                -0.013424634266549402,
                0.9994896223625123,
                -0.028987479787862338,
                -0.013400982639460046
            ],
            [
                -0.9963337680155807,
                -0.010921364539313562,
                0.08485132001609874,
                -0.04670269127227911
            ],
            [
                0.0,
                0.0,
                0.0,
                1.0
            ]
        ]
    },
    "top_of_lube": {
        "basepose": [
            [
                0.6726285178087867,
                -0.7389238546047612,
                0.03952738451246831,
                0.1817013675759392
            ],
            [
                0.7381393346849094,
                0.6662315412137763,
                -0.1062349099064686,
                0.44076603906713197
            ],
            [
                0.05216511881778591,
                0.1006333472958059,
                0.9935550965048531,
                0.11190027031293176
            ],
            [
                0.0,
                0.0,
                0.0,
                1.0
            ]
        ],
        "joints": [
            1.3713788986206055,
            0.44792240858078003,
            0.6642137169837952,
            0.575242817401886,
            -1.2317866086959839,
            -0.1426602154970169
        ],
        "tag": 3,
        "offset": [
            [
                0.04215313184164718,
                0.07879155366789499,
                0.9959995002742421,
                0.10266791477222298
            ],
            [
                -0.04752594992494448,
                0.9959152163241802,
                -0.07677347183561795,
                -0.01245425552498211
            ],
            [
                -0.9979801589008034,
                -0.04409958009507604,
                0.04572558885094486,
                -0.02274375127898781
            ],
            [
                0.0,
                0.0,
                0.0,
                1.0
            ]
        ]
    },
    "front_of_waffle_iron": {
        "basepose": [
            [
                0.9910517480845158,
                -0.014477127393947175,
                0.13269078868197523,
                0.2274630207829575
            ],
            [
                0.010102031314777589,
                0.9993847674356534,
                0.03358624094625463,
                0.0025867967554767455
            ],
            [
                -0.13309538527665202,
                -0.03194525629892555,
                0.9905882691704236,
                0.1844830363597551
            ],
            [
                0.0,
                0.0,
                0.0,
                1.0
            ]
        ],
        "joints": [
            0.015339808538556099,
            -0.9756118059158325,
            1.448077917098999,
            0.015339808538556099,
            -0.33900976181030273,
            -0.04601942375302315
        ],
        "tag": 100,
        "offset": 100
    },
    "spray_1": {
        "basepose": [
            [
                0.9943972656516453,
                0.014349173517140322,
                0.10472907563760177,
                0.47169504221573144
            ],
            [
                -0.0072761731574156625,
                0.9976854091339094,
                -0.0676082961291535,
                0.10709666492025391
            ],
            [
                -0.10545679384807227,
                0.0664674779172417,
                0.9922000498944789,
                0.1503594770884013
            ],
            [
                0.0,
                0.0,
                0.0,
                1.0
            ]
        ],
        "joints": [
            0.35128161311149597,
            0.23930101096630096,
            0.6626797318458557,
            0.4832039475440979,
            -0.849825382232666,
            -0.22702915966510773
        ],
        "tag": 100,
        "offset": 100
    },
    "spray_3": {
        "basepose": [
            [
                0.5432281367179741,
                -0.024181183778213218,
                0.8392368329792266,
                0.46828048407993655
            ],
            [
                0.009051867181346858,
                0.9996957406204052,
                0.022945367418083788,
                -0.05068900298731483
            ],
            [
                -0.8395363334474865,
                -0.004867908843012835,
                0.5432817393259659,
                0.1342213100878322
            ],
            [
                0.0,
                0.0,
                0.0,
                1.0
            ]
        ],
        "joints": [
            -0.1395922601222992,
            0.15800002217292786,
            0.29452431201934814,
            0.16106799244880676,
            0.5553010702133179,
            -0.27765053510665894
        ],
        "tag": 100,
        "offset": 100
    },
    "spray_4": {
        "basepose": [
            [
                0.5249138231908003,
                -0.1470560111003951,
                0.8383555378372933,
                0.45803057105334055
            ],
            [
                0.1647636830100613,
                0.9838869888951294,
                0.06942133565292122,
                0.09540241033885193
            ],
            [
                -0.8350559304526717,
                0.1016903273773666,
                0.5406853709262964,
                0.14251775381354792
            ],
            [
                0.0,
                0.0,
                0.0,
                1.0
            ]
        ],
        "joints": [
            0.17947575449943542,
            0.13345633447170258,
            0.30066025257110596,
            0.1288543939590454,
            0.5614370107650757,
            -0.02761165425181389
        ],
        "tag": 100,
        "offset": 100
    },
    "spray_2": {
        "basepose": [
            [
                0.8536193384092028,
                0.0756015643585325,
                0.5153818279299122,
                0.4875115586289723
            ],
            [
                -0.052948326906418826,
                0.9968801850664106,
                -0.05853521418573422,
                -0.048773956293173125
            ],
            [
                -0.5181992857691392,
                0.02267818530000675,
                0.8549591803939255,
                0.1975597116989343
            ],
            [
                0.0,
                0.0,
                0.0,
                1.0
            ]
        ],
        "joints": [
            -0.11658254265785217,
            0.03834952041506767,
            0.42951464653015137,
            0.5430291891098022,
            0.09050486981868744,
            -0.5430291891098022
        ],
        "tag": 100,
        "offset": 100
    },
    "home": {
        "basepose": [
            [
                0.9944409263936135,
                -0.029004233840779638,
                0.10122251890128516,
                0.4960469082210822
            ],
            [
                0.03050928239730698,
                0.999445298616919,
                -0.013352106955048447,
                0.01718792034631966
            ],
            [
                -0.10077910299766037,
                0.016366108023811048,
                0.9947742069973167,
                0.40334056424681936
            ],
            [
                0.0,
                0.0,
                0.0,
                1.0
            ]
        ],
        "joints": [
            0.03834952041506767,
            -0.13805827498435974,
            0.15033012628555298,
            -0.0951068103313446,
            0.05982525274157524,
            0.11351457983255386
        ],
        "tag": 100,
        "offset": 100
    },
    "prep_lube": {
        "basepose": [
            [
                0.5112619326617216,
                -0.859239498145676,
                -0.01785275993700105,
                0.15309801946109133
            ],
            [
                0.8593761052349516,
                0.5113440214270263,
                -3.875619388463401e-05,
                0.2569232399340603
            ],
            [
                0.009162202912340798,
                -0.015322420735766468,
                0.9998406260302635,
                0.3692939113950511
            ],
            [
                0.0,
                0.0,
                0.0,
                1.0
            ]
        ],
        "joints": [
            1.0323691368103027,
            -0.8160778284072876,
            0.8436894416809082,
            -0.0475534051656723,
            -0.03681553900241852,
            0.03221359848976135
        ],
        "tag": 100,
        "offset": 100
    },
    "prep_ladle": {
        "basepose": [
            [
                0.510452938855547,
                -0.8591457812119815,
                -0.03614310223803771,
                0.1748271324375449
            ],
            [
                0.859904317804288,
                0.5099259182677546,
                0.02324052710954011,
                0.29462670341825076
            ],
            [
                -0.0015366962215272802,
                -0.04294280503694722,
                0.9990763504659098,
                0.39422497361313996
            ],
            [
                0.0,
                0.0,
                0.0,
                1.0
            ]
        ],
        "joints": [
            1.0354371070861816,
            -0.6504078507423401,
            0.6749515533447266,
            0.015339808538556099,
            -0.023009711876511574,
            -0.058291271328926086
        ],
        "tag": 100,
        "offset": 100
    },
    "front_of_bowl": {
        "basepose": [
            [
                0.03707385368407347,
                -0.5213182540407227,
                0.8525566300117223,
                0.1514806268382773
            ],
            [
                -0.00772420871080635,
                0.8529681621977074,
                0.5219057873571221,
                0.2251746538658699
            ],
            [
                -0.9992826757093328,
                -0.025934384145341372,
                0.02759604584352716,
                0.39787673211778884
            ],
            [
                0.0,
                0.0,
                0.0,
                1.0
            ]
        ],
        "joints": [
            1.0016894340515137,
            -0.18100973963737488,
            -0.31139811873435974,
            -0.03988350182771683,
            2.049398422241211,
            0.43411657214164734
        ],
        "tag": 1,
        "offset": [
            [
                0.037010318378175346,
                0.9974428621582712,
                -0.061138965178212844,
                -0.10571357968783528
            ],
            [
                0.003100120053773938,
                -0.061295186818368035,
                -0.9981148678025763,
                0.2027745109971511
            ],
            [
                -0.9993100747962055,
                0.03675101090334786,
                -0.005360746998668222,
                0.3260740893773165
            ],
            [
                0.0,
                0.0,
                0.0,
                1.0
            ]
        ]
    },
    "top_of_bowl": {
        "basepose": [
            [
                0.3246795595787626,
                -0.5691633872877948,
                0.7554046744380291,
                0.31717224267117206
            ],
            [
                0.25404296140426597,
                0.8218031371426685,
                0.5100017426866492,
                0.3127664782310878
            ],
            [
                -0.91106825065562,
                0.026318099352959624,
                0.4114146330574015,
                0.42748700922426736
            ],
            [
                0.0,
                0.0,
                0.0,
                1.0
            ]
        ],
        "joints": [
            0.8007379770278931,
            0.28378644585609436,
            -0.9710098505020142,
            -0.058291271328926086,
            1.8361750841140747,
            0.1733398288488388
        ],
        "tag": 1,
        "offset": [
            [
                0.07212470859968685,
                0.9967882467350422,
                -0.03480255134743959,
                -0.12639759708136628
            ],
            [
                -0.3724940711789335,
                -0.005448888272526782,
                -0.9280185755431501,
                0.012479639317046487
            ],
            [
                -0.9252276440670988,
                0.07989681337496808,
                0.37090471265079855,
                0.3514633911744318
            ],
            [
                0.0,
                0.0,
                0.0,
                1.0
            ]
        ]
    },
    "front_of_waffle_iron_ladle": {
        "basepose": [
            [
                0.31977806827489746,
                0.06508827928823183,
                0.945254200175631,
                0.40084596917976506
            ],
            [
                0.03398614646749622,
                0.9962077320100833,
                -0.08009429774719325,
                0.018693607702538487
            ],
            [
                -0.9468827429511347,
                0.057737947509616916,
                0.3163532843494939,
                0.4177762975651486
            ],
            [
                0.0,
                0.0,
                0.0,
                1.0
            ]
        ],
        "joints": [
            0.03681553900241852,
            0.12271846830844879,
            -0.7163690328598022,
            0.023009711876511574,
            1.8377090692520142,
            0.12118448317050934
        ],
        "tag": 100,
        "offset": 100
    },
    "pour_2": {
        "basepose": [
            [
                0.030509574215775666,
                0.12381224006596635,
                0.9918365263948589,
                0.4737178499943713
            ],
            [
                0.6266725282354136,
                0.7706786112704176,
                -0.1154816889612166,
                0.010991140025303454
            ],
            [
                -0.778685243366154,
                0.6250800007520222,
                -0.05407665322156329,
                0.29048822037585725
            ],
            [
                0.0,
                0.0,
                0.0,
                1.0
            ]
        ],
        "joints": [
            -0.21015536785125732,
            0.45099037885665894,
            -0.6427379846572876,
            0.6933593153953552,
            1.8208352327346802,
            0.08283496648073196
        ],
        "tag": 100,
        "offset": 100
    },
    "pour_1": {
        "basepose": [
            [
                0.020874984870592257,
                0.02143918865280916,
                0.9995521978348914,
                0.46764216316876395
            ],
            [
                0.496000679804287,
                0.8678386406123717,
                -0.028972737077396424,
                0.03487205214100061
            ],
            [
                -0.8680711725661312,
                0.49638337507412567,
                0.007482266346652827,
                0.2979887933299439
            ],
            [
                0.0,
                0.0,
                0.0,
                1.0
            ]
        ],
        "joints": [
            -0.11351457983255386,
            0.4187767803668976,
            -0.6703495979309082,
            0.5368933081626892,
            1.823903203010559,
            0.05062136799097061
        ],
        "tag": 100,
        "offset": 100
    },
    "pour_3": {
        "basepose": [
            [
                0.16163031008542683,
                -0.07531955745331162,
                0.983972869100935,
                0.4529764346688612
            ],
            [
                -0.4362836561368395,
                0.8888973458972935,
                0.1397071216675052,
                0.029795207491357792
            ],
            [
                -0.8851735503558387,
                -0.45187218626707315,
                0.11081206174715294,
                0.29828434464379144
            ],
            [
                0.0,
                0.0,
                0.0,
                1.0
            ]
        ],
        "joints": [
            0.24697090685367584,
            0.2914563715457916,
            -0.48473793268203735,
            -0.48473793268203735,
            1.6919808387756348,
            0.05522330850362778
        ],
        "tag": 100,
        "offset": 100
    },
    "pour_4": {
        "basepose": [
            [
                0.2900067993217928,
                -0.21420115134779397,
                0.9327453688485452,
                0.43721428423196423
            ],
            [
                -0.9533169504630018,
                0.021050078285798527,
                0.30123692695963444,
                0.12213293311345928
            ],
            [
                -0.08415965961820293,
                -0.9765627276142794,
                -0.19809692255940523,
                0.3538324261332916
            ],
            [
                0.0,
                0.0,
                0.0,
                1.0
            ]
        ],
        "joints": [
            0.6458059549331665,
            0.4463884234428406,
            -0.4356505572795868,
            -1.477223515510559,
            1.919010043144226,
            -0.15800002217292786
        ],
        "tag": 100,
        "offset": 100
    },
    "inside_bowl": {
        "basepose": [
            [
                0.5092951649589512,
                -0.6109995931639746,
                0.6060510969405899,
                0.31325290159813196
            ],
            [
                0.40578869269359086,
                0.7915209949347641,
                0.45697926808500594,
                0.291541173440973
            ],
            [
                -0.7589163141160302,
                0.013191350610864815,
                0.6510545418300989,
                0.1383668994154377
            ],
            [
                0.0,
                0.0,
                0.0,
                1.0
            ]
        ],
        "joints": [
            0.777728259563446,
            -0.010737866163253784,
            0.5537670850753784,
            -0.21322333812713623,
            0.32827189564704895,
            0.3021942377090454
        ],
        "tag": 1,
        "offset": [
            [
                0.0675135014098435,
                0.9973706185413728,
                -0.02633963549069416,
                -0.11483745650756079
            ],
            [
                -0.6390856008788136,
                0.022957545617029715,
                -0.7687929148012541,
                0.03807593842811874
            ],
            [
                -0.7661667715822378,
                0.06873718331181174,
                0.6389551453377685,
                0.054968113810298244
            ],
            [
                0.0,
                0.0,
                0.0,
                1.0
            ]
        ]
    },
    "thug_shake_1": {
        "basepose": [
            [
                0.295494101537055,
                -0.526460622419904,
                0.7971966187823778,
                0.29881936462048697
            ],
            [
                0.23178423761615988,
                0.8490350230008555,
                0.47477952452757716,
                0.35099126746759485
            ],
            [
                -0.9268005735591147,
                0.04448306148618731,
                0.3729101152976571,
                0.37504579064004706
            ],
            [
                0.0,
                0.0,
                0.0,
                1.0
            ]
        ],
        "joints": [
            0.898912787437439,
            0.2346990704536438,
            -0.6979612708091736,
            -0.08743690699338913,
            1.6582332849502563,
            0.32827189564704895
        ],
        "tag": 1,
        "offset": [
            [
                0.05417664382999643,
                0.9912141727821616,
                -0.12066215205727551,
                -0.0694659532261854
            ],
            [
                -0.35433282816927164,
                -0.0938916693122941,
                -0.9303937883043486,
                0.013317305002610025
            ],
            [
                -0.9335486801152273,
                0.09316017448205095,
                0.3461329856364322,
                0.2966336226834423
            ],
            [
                0.0,
                0.0,
                0.0,
                1.0
            ]
        ]
    },
    "thug_shake_2": {
        "basepose": [
            [
                0.277284386825879,
                -0.5392761452154111,
                0.7951695467157953,
                0.34196707211048416
            ],
            [
                0.2109713129695263,
                0.8415982562484257,
                0.4971956156117263,
                0.2601850144588097
            ],
            [
                -0.9373390389429593,
                0.02989338189660142,
                0.3471338528468138,
                0.4151008283894814
            ],
            [
                0.0,
                0.0,
                0.0,
                1.0
            ]
        ],
        "joints": [
            0.6504078507423401,
            0.2208932340145111,
            -0.8406214714050293,
            1e-06,
            1.8346410989761353,
            0.08590292930603027
        ],
        "tag": 1,
        "offset": [
            [
                0.06774518531930021,
                0.9940423281299815,
                -0.08538407200397423,
                -0.173011135409276
            ],
            [
                -0.32944583069579003,
                -0.05849272163616994,
                -0.9423608895496222,
                0.034163653326169996
            ],
            [
                -0.9417409593424377,
                0.09196983962973848,
                0.323520500270486,
                0.3321756216016406
            ],
            [
                0.0,
                0.0,
                0.0,
                1.0
            ]
        ]
    },
    "thug_shake_3": {
        "basepose": [
            [
                0.24348351164131454,
                -0.7260136865372253,
                0.643132884028986,
                0.2825111046897965
            ],
            [
                0.2570502029922425,
                0.6876802505105164,
                0.6789853210485777,
                0.3532545716205884
            ],
            [
                -0.9352224188397434,
                -4.29193117583361e-06,
                0.35406076778021967,
                0.40016483330543295
            ],
            [
                0.0,
                0.0,
                0.0,
                1.0
            ]
        ],
        "joints": [
            0.9096506237983704,
            0.2822524607181549,
            -0.872835099697113,
            -0.03528155758976936,
            1.8008935451507568,
            0.08283496648073196
        ],
        "tag": 1,
        "offset": [
            [
                0.12464159444961184,
                0.9807814184280864,
                0.15010756876070191,
                -0.062032109033584276
            ],
            [
                -0.32919925778826575,
                0.18359599502871568,
                -0.9262399037404246,
                0.027914991409642098
            ],
            [
                -0.9359980350431903,
                0.06603271822063772,
                0.3457562125539908,
                0.32413519808501945
            ],
            [
                0.0,
                0.0,
                0.0,
                1.0
            ]
        ]
    },
    "thug_shake_4": {
        "basepose": [
            [
                0.2509028391881999,
                -0.5834454137845015,
                0.7724242451018302,
                0.3764890336766487
            ],
            [
                0.21197423490544956,
                0.8116974584109199,
                0.54425560148289,
                0.2950402669419473
            ],
            [
                -0.9445182311758464,
                0.027178762721741332,
                0.3273325920732087,
                0.35121464531864865
            ],
            [
                0.0,
                0.0,
                0.0,
                1.0
            ]
        ],
        "joints": [
            0.6596117615699768,
            0.3037281930446625,
            -0.725572943687439,
            0.013805827125906944,
            1.6582332849502563,
            0.04448544234037399
        ],
        "tag": 1,
        "offset": [
            [
                0.07026113829771491,
                0.9961089464335927,
                -0.05320093307515531,
                -0.15365963846442893
            ],
            [
                -0.3396263541786932,
                -0.026258828602456295,
                -0.9401938169695203,
                -0.004228576317315935
            ],
            [
                -0.9379324666479982,
                0.0841275267399718,
                0.336459874654047,
                0.2690798872008484
            ],
            [
                0.0,
                0.0,
                0.0,
                1.0
            ]
        ]
    },
    "waffle_iron_sticks": {
        "basepose": [
            [
                0.9945297662504954,
                0.003171220352926929,
                0.10440539930103208,
                0.3498296807982325
            ],
            [
                -0.0014129324993341662,
                0.999856006867821,
                -0.016910622463061496,
                0.1198130680646803
            ],
            [
                -0.10444399295070585,
                0.016670599623560576,
                0.9943910415147071,
                0.009119223038166317
            ],
            [
                0.0,
                0.0,
                0.0,
                1.0
            ]
        ],
        "joints": [
            0.6043884754180908,
            0.6626797318458557,
            0.9756118059158325,
            0.6028544902801514,
            -1.5217089653015137,
            0.05522330850362778
        ],
        "tag": 100,
        "offset": 100
    },
    "pole_1": {
        "basepose": [
            [
                0.6247182124417044,
                -0.780159533339808,
                0.03283683271350299,
                0.057134105744735084
            ],
            [
                0.7799592465632087,
                0.6254617317189654,
                0.02147547102312058,
                0.08051850964853781
            ],
            [
                -0.03729247570480384,
                0.012195273433838411,
                0.9992299768129859,
                0.42796303736139585
            ],
            [
                0.0,
                0.0,
                0.0,
                1.0
            ]
        ],
        "joints": [
            0.8222137093544006,
            -1.4496119022369385,
            0.6642137169837952,
            0.09970875084400177,
            0.8252816796302795,
            -0.058291271328926086
        ],
        "tag": 100,
        "offset": 100
    },
    "pole_2": {
        "basepose": [
            [
                -0.019932707503778197,
                -0.999557844822206,
                0.022063590504620763,
                -0.20844823302538132
            ],
            [
                0.9991584437737288,
                -0.02070629333131384,
                -0.03540697180130119,
                0.2653828534975236
            ],
            [
                0.03584817160231994,
                0.02133926594014792,
                0.9991293931828382,
                0.2543895536587253
            ],
            [
                0.0,
                0.0,
                0.0,
                1.0
            ]
        ],
        "joints": [
            2.733553886413574,
            -0.23930101096630096,
            0.9019807577133179,
            1.2686021327972412,
            -1.260932207107544,
            -0.8314176201820374
        ],
        "tag": 100,
        "offset": 100
    },
    "pole_3": {
        "basepose": [
            [
                0.007201151769986223,
                -0.9992549341808893,
                0.037917277438290535,
                -0.2192571513932131
            ],
            [
                0.9984369786814263,
                0.009286521764839344,
                0.05511225013566636,
                0.2644675846777752
            ],
            [
                -0.05542330750407013,
                0.03746114024769975,
                0.9977599510687185,
                0.11848885707760275
            ],
            [
                0.0,
                0.0,
                0.0,
                1.0
            ]
        ],
        "joints": [
            2.7626993656158447,
            0.22396120429039001,
            0.9618059992790222,
            1.2440584897994995,
            -1.382116675376892,
            -0.3267379105091095
        ],
        "tag": 100,
        "offset": 100
    },
    "pole_4": {
        "basepose": [
            [
                0.01629304050738737,
                -0.9990596512032267,
                0.040178976700653665,
                -0.22120000661784406
            ],
            [
                0.7366223042689619,
                0.03916625860095332,
                0.6751693010206314,
                0.15310549249768343
            ],
            [
                -0.6761080665725778,
                0.01859616962953086,
                0.7365677598093744,
                0.22817877246406063
            ],
            [
                0.0,
                0.0,
                0.0,
                1.0
            ]
        ],
        "joints": [
            3.0403499603271484,
            -0.4080389142036438,
            0.6718835830688477,
            2.2856314182281494,
            -1.3360973596572876,
            -1.4005244970321655
        ],
        "tag": 100,
        "offset": 100
    },
    "pole_5": {
        "basepose": [
            [
                0.4399426667259438,
                -0.897017784951342,
                0.04253872911892161,
                -0.058971781599547086
            ],
            [
                0.8976169605684365,
                0.44067802361655206,
                0.009309758390600857,
                0.21088206707081683
            ],
            [
                -0.027096901925255195,
                0.03408772480523514,
                0.9990514425812395,
                0.18402705600775843
            ],
            [
                0.0,
                0.0,
                0.0,
                1.0
            ]
        ],
        "joints": [
            2.778039042149679,
            -0.29452431201934814,
            1.2363885641098022,
            1.6613012552261353,
            -1.6030099391937256,
            -0.5921165943145752
        ],
        "tag": 100,
        "offset": 100
    },
    "ladle_prep": {
        "basepose": [
            [
                0.03055976596483138,
                -0.7915924175861825,
                -0.6102848065651295,
                0.12426618083397384
            ],
            [
                -0.02487133673102402,
                0.6097787066672912,
                -0.792181384219787,
                0.19253047219089683
            ],
            [
                0.9992234571472924,
                0.039387476629362046,
                -0.00105326700542135,
                0.8021541104455282
            ],
            [
                0.0,
                0.0,
                0.0,
                1.0
            ]
        ],
        "joints": [
            1.0277671813964844,
            -0.19634954631328583,
            -0.5000777244567871,
            0.05062136799097061,
            -0.8805050253868103,
            -0.1457281857728958
        ],
        "tag": 1,
        "offset": [
            [
                -0.09156684453207274,
                0.949111685256856,
                -0.3013345680324944,
                -0.13511824751582444
            ],
            [
                -0.053331385566232306,
                0.29749747502966056,
                0.9532318792741683,
                0.2233154936846522
            ],
            [
                0.9943697885072861,
                0.10335502532468863,
                0.023376536187124906,
                0.735542908134993
            ],
            [
                0.0,
                0.0,
                0.0,
                1.0
            ]
        ]
    },
    "pour_5": {
        "basepose": [
            [
                0.3956917602024022,
                0.3143262853322109,
                0.8629177349302644,
                0.3383899746494203
            ],
            [
                0.9175386827262266,
                -0.09501492568527466,
                -0.3861281258831613,
                -0.12389427355038657
            ],
            [
                -0.039380155014237826,
                0.9445481196033768,
                -0.3260031489798516,
                0.3386654210332522
            ],
            [
                0.0,
                0.0,
                0.0,
                1.0
            ]
        ],
        "joints": [
            -0.8176117539405823,
            0.1395922601222992,
            0.09664079546928406,
            1.4281361103057861,
            1.9588935375213623,
            0.05982525274157524
        ],
        "tag": 100,
        "offset": 100
    },
    "waffle_iron_sticks_prepare": {
        "basepose": [
            [
                0.9860549974473986,
                -0.02565865843706201,
                -0.16442984904274843,
                0.3456916628777306
            ],
            [
                0.013918656122258661,
                0.9972961827071972,
                -0.07215673890499166,
                0.13108052614571242
            ],
            [
                0.16583670589094923,
                0.06886187047171324,
                0.9837460189369894,
                0.06113426308900892
            ],
            [
                0.0,
                0.0,
                0.0,
                1.0
            ]
        ],
        "joints": [
            0.644271969795227,
            0.6427379846572876,
            0.9725438356399536,
            0.6350680589675903,
            -1.7732818126678467,
            0.09664079546928406
        ],
        "tag": 100,
        "offset": 100
    },
    "waffle_iron_open_0": {
        "basepose": [
            [
                0.5694389613337673,
                -0.016101385350918398,
                0.8218759119872666,
                0.3465800226017418
            ],
            [
                0.03813342748362061,
                0.999249215150417,
                -0.006844540132619179,
                0.024880343421375215
            ],
            [
                -0.8211486534260845,
                0.03523849331422694,
                0.5696254361995007,
                0.012783691041468903
            ],
            [
                0.0,
                0.0,
                0.0,
                1.0
            ]
        ],
        "joints": [
            0.07363107800483704,
            0.12271846830844879,
            0.921922504901886,
            0.0475534051656723,
            -0.08130098134279251,
            0.019941750913858414
        ],
        "tag": 100,
        "offset": 100
    },
    "waffle_iron_open_1": {
        "basepose": [
            [
                0.5694429257854041,
                -0.01477386506652313,
                0.821898100243549,
                0.34658072408767215
            ],
            [
                0.038008950420209624,
                0.9992423242973106,
                -0.00837239636318667,
                0.02485831795186702
            ],
            [
                -0.8211516753687547,
                0.036007086023509625,
                0.5695730118212966,
                0.012783156326845064
            ],
            [
                0.0,
                0.0,
                0.0,
                1.0
