{
    "andreas": {
        "matrix": [
            [
                0.8775825904663601,
                0.0,
                0.47942548629620524,
                0.13708995479936867
            ],
            [
                0.0,
                1.0,
                0.0,
                0.0
            ],
            [
                -0.4794254862962052,
                0.0,
                0.8775825904663601,
                0.10544147627347396
            ],
            [
                0.0,
                0.0,
                0.0,
                1.0
            ]
        ],
        "joints": [
            0.0,
            -1.850000023841858,
            1.5499999523162842,
            0.0,
            0.800000011920929,
            0.0
        ]
    },
    "aleksander": {
        "matrix": [
            [
                0.8775825904663601,
                0.0,
                0.47942548629620524,
                0.13708995479936867
            ],
            [
                0.0,
                1.0,
                0.0,
                0.0
            ],
            [
                -0.4794254862962052,
                0.0,
                0.8775825904663601,
                0.10544147627347396
            ],
            [
                0.0,
                0.0,
                0.0,
                1.0
            ]
        ],
        "joints": [
            0.0,
            -1.850000023841858,
            1.5499999523162842,
            0.0,
            0.800000011920929,
            0.0
        ]
    },
    "havard": {
        "matrix": [
            [
                0.8775825904663601,
                0.0,
                0.47942548629620524,
                0.13708995479936867
            ],
            [
                0.0,
                1.0,
                0.0,
                0.0
            ],
            [
                -0.4794254862962052,
                0.0,
                0.8775825904663601,
                0.10544147627347396
            ],
            [
                0.0,
                0.0,
                0.0,
                1.0
            ]
        ],
        "joints": [
            0.0,
            -1.850000023841858,
            1.5499999523162842,
            0.0,
            0.800000011920929,
            0.0
        ]
    },
    "havard_test": {
        "matrix": [
            [
                0.0,
                0.0,
                -1.0,
                0.20
            ],
            [
                0.0,
                1.0,
                0.0,
                0.0
            ],
            [
                -1.0,
                0.0,
                0.0,
                0.2
            ],
            [
                0.0,
                0.0,
                0.0,
                1.0
            ]
        ],
        "joints": [
            0.0,
            -1.850000023841858,
            1.5499999523162842,
            0.0,
            0.800000011920929,
            0.0
        ]
    }
}