{
    "hagle": {
        "matrix": [
            [
                0.9993198460862609,
                0.031083954184339728,
                0.019840186753100116,
                0.5251981859772502
            ],
            [
                -0.0351553516374162,
                0.965482945204819,
                0.2580829009637754,
                -0.02601458238486046
            ],
            [
                -0.01113312487047725,
                -0.258604853610473,
                0.9659190355406214,
                0.41035995639931216
            ],
            [
                0.0,
                0.0,
                0.0,
                1.0
            ]
        ],
        "joints": [
            -0.05675728991627693,
            -0.03374757990241051,
            0.08897088468074799,
            -0.4555923044681549,
            -0.04908738657832146,
            0.19328159093856812
        ]
    },
    "zestyheil": {
        "matrix": [
            [
                0.46338539849551574,
                0.831615930026858,
                -0.306086454105235,
                0.32375245387565105
            ],
            [
                -0.7877944178983496,
                0.22843106237408348,
                -0.5720132908166105,
                -0.3192718346614924
            ],
            [
                -0.40577571094060405,
                0.5061958066481899,
                0.7609940063774719,
                0.5519204900453667
            ],
            [
                0.0,
                0.0,
                0.0,
                1.0
            ]
        ],
        "joints": [
            -0.6396700143814087,
            0.0644271969795227,
            -0.7992039918899536,
            -0.38963112235069275,
            1.2103108167648315,
            0.9004467725753784
        ]
    },
    "du": {
        "matrix": [
            [
                -0.7669080931654755,
                -0.6402033556417054,
                0.0446277947292341,
                0.12602112912975652
            ],
            [
                0.6177817167711253,
                -0.7553002215059363,
                -0.21878602747068815,
                0.43224100768008855
            ],
            [
                0.17377493219856482,
                -0.14021853949525917,
                0.9747517807735466,
                0.15640078125625784
            ],
            [
                0.0,
                0.0,
                0.0,
                1.0
            ]
        ],
        "joints": [
            0.8897088766098022,
            0.5737088322639465,
            0.2546408176422119,
            -1.4542138576507568,
            -1.7011847496032715,
            0.607456386089325
        ]
    },
    "suicide": {
        "matrix": [
            [
                -0.9958068253518465,
                0.02856270153553324,
                0.08690764444897221,
                -0.4878141772119752
            ],
            [
                -0.03260892222991665,
                -0.9984319880505623,
                -0.045499708003512634,
                0.06772830063656478
            ],
            [
                0.08547177764432053,
                -0.0481428844004357,
                0.9951767872634119,
                0.5154546895939709
            ],
            [
                0.0,
                0.0,
                0.0,
                1.0
            ]
        ],
        "joints": [
            -0.2316311001777649,
            -1.5217089653015137,
            -0.12732040882110596,
            0.26691266894340515,
            -1.4097284078598022,
            3.072563648223877
        ]
    }
}